65208,0,253,253,253
64881,0,250,250,250
64554,0,248,248,248
64227,0,245,245,245
63900,0,243,243,243
63573,0,240,240,240
63246,0,238,238,238
62919,0,235,235,235
62592,0,233,233,233
62265,0,231,231,231
61938,0,228,228,228
61611,0,226,226,226
61284,0,223,223,223
60957,0,221,221,221
60630,0,219,219,219
60303,0,216,216,216
59976,0,214,214,214
59649,0,212,212,212
59322,0,209,209,209
58995,0,207,207,207
58668,0,205,205,205
58341,0,202,202,202
58014,0,200,200,200
57687,0,198,198,198
57360,0,196,196,196
57033,0,193,193,193
56706,0,191,191,191
56379,0,189,189,189
56052,0,187,187,187
55725,0,185,185,185
55398,0,182,182,182
55071,0,180,180,180
54744,0,178,178,178
54417,0,176,176,176
54090,0,174,174,174
53763,0,172,172,172
53436,0,170,170,170
53109,0,168,168,168
52782,0,166,166,166
52455,0,163,163,163
52128,0,161,161,161
51801,0,159,159,159
51474,0,157,157,157
51147,0,155,155,155
50820,0,153,153,153
50493,0,151,151,151
50166,0,149,149,149
49839,0,148,148,148
49512,0,146,146,146
49185,0,144,144,144
48858,0,142,142,142
48531,0,140,140,140
48204,0,138,138,138
47877,0,136,136,136
47550,0,134,134,134
47223,0,132,132,132
46896,0,131,131,131
46569,0,129,129,129
46242,0,127,127,127
45915,0,125,125,125
45588,0,123,123,123
45261,0,122,122,122
44934,0,120,120,120
44607,0,118,118,118
44280,0,116,116,116
43953,0,115,115,115
43626,0,113,113,113
43299,0,111,111,111
42972,0,110,110,110
42645,0,108,108,108
42318,0,106,106,106
41991,0,105,105,105
41664,0,103,103,103
41337,0,101,101,101
41010,0,100,100,100
40683,0,98,98,98
40356,0,97,97,97
40029,0,95,95,95
39702,0,93,93,93
39375,0,92,92,92
39048,0,90,90,90
38721,0,89,89,89
38394,0,87,87,87
38067,0,86,86,86
37740,0,84,84,84
37413,0,83,83,83
37086,0,81,81,81
36759,0,80,80,80
36432,0,79,79,79
36105,0,77,77,77
35778,0,76,76,76
35451,0,74,74,74
35124,0,73,73,73
34797,0,72,72,72
34470,0,70,70,70
34143,0,69,69,69
33816,0,68,68,68
33489,0,66,66,66
33162,0,65,65,65
32835,0,64,64,64
32508,0,62,62,62
32181,0,61,61,61
31854,0,60,60,60
31527,0,59,59,59
31200,0,58,58,58
30873,0,56,56,56
30546,0,55,55,55
30219,0,54,54,54
29892,0,53,53,53
29565,0,52,52,52
29238,0,50,50,50
28911,0,49,49,49
28584,0,48,48,48
28257,0,47,47,47
27930,0,46,46,46
27603,0,45,45,45
27276,0,44,44,44
26949,0,43,43,43
26622,0,42,42,42
26295,0,41,41,41
25968,0,40,40,40
25641,0,39,39,39
25314,0,38,38,38
24987,0,37,37,37
24660,0,36,36,36
24333,0,35,35,35
24006,0,34,34,34
23679,0,33,33,33
23352,0,32,32,32
23025,0,31,31,31
22698,0,30,30,30
22371,0,29,29,29
22044,0,28,28,28
21717,0,28,28,28
21390,0,27,27,27
21063,0,26,26,26
20736,0,25,25,25
20409,0,24,24,24
20082,0,24,24,24
19755,0,23,23,23
19428,0,22,22,22
19101,0,21,21,21
18774,0,21,21,21
18447,0,20,20,20
18120,0,19,19,19
17793,0,18,18,18
17466,0,18,18,18
17139,0,17,17,17
16812,0,16,16,16
16485,0,16,16,16
16158,0,15,15,15
15831,0,14,14,14
15504,0,14,14,14
15177,0,13,13,13
14850,0,13,13,13
14523,0,12,12,12
14196,0,12,12,12
13869,0,11,11,11
13542,0,10,10,10
13215,0,10,10,10
12888,0,9,9,9
12561,0,9,9,9
12234,0,8,8,8
11907,0,8,8,8
11580,0,7,7,7
11253,0,7,7,7
10926,0,7,7,7
10599,0,6,6,6
10272,0,6,6,6
9945,0,5,5,5
9618,0,5,5,5
9291,0,5,5,5
8964,0,4,4,4
8637,0,4,4,4
8310,0,4,4,4
7983,0,3,3,3
7656,0,3,3,3
7329,0,3,3,3
7002,0,2,2,2
6675,0,2,2,2
6348,0,2,2,2
6021,0,2,2,2
5694,0,1,1,1
5367,0,1,1,1
5040,0,1,1,1
4713,0,1,1,1
4386,0,1,1,1
4059,0,0,0,0
3732,0,0,0,0
3405,0,0,0,0
3078,0,0,0,0
2751,0,0,0,0
2424,0,0,0,0
2097,0,0,0,0
1770,0,0,0,0
1443,0,0,0,0
1116,0,0,0,0
789,0,0,0,0
462,0,0,0,0
135,0,0,0,0
0,0,0,0,0
